problem1: 19044269.19
problem1: 19044269.19
problem2: 4767043.540000001
problem3: 395580297.23000014
problem4: 34563.000000000065
problem5: 770625633515.0
problem6: 12089.810000000007
problem7: 3526677.5100000016
problem8: 8629944.000000013
problem9: 5983320666.0
problem10: 714608.6500000034
problem11: 255368.42000000025
problem12: 17756693.159999963
problem13: 4813463.1000000145
problem14: 2775648.040000002
problem15: 519253.60000000003
problem16: 30990350.819999997
problem17: 145465826.59000015
problem18: 1715697.3900000006
problem19: 650853.8999999999
problem20: 7151557.900000011
problem21: 571927.4399999989
