
numItems
problem1: 18632045.71000003
problem2: 4767043.54
problem1: 18632045.71000003
problem2: 4767043.54
problem3: 177413020.47999993
problem4: 33937.61000000003
problem5: 770625633515.0
problem6: 12447.15999999999
problem7: 3327694.23
problem8: 7788484.500000033
problem9: 4730649769.0
problem10: 579156.3100000019
problem11: 197519.17000000013
problem12: 16996448.70999998
problem14: 2643062.1400000085
problem15: 485260.7000000002
problem16: 21799530.430000022
problem17: 136886600.03999972
problem18: 1364215.0400000024
problem19: 307637.5099999999
problem20: 5560440.629999987
problem21: 365647.3500000005

funcNames
problem1: 18632045.71000003
problem2: 4767043.54
problem3: 177413020.47999993
problem4: 33937.61000000003
problem5: 770625633515.0
problem6: 12447.15999999999
problem7: 3327694.23
problem8: 7788484.500000033
problem9: 4730649769.0
problem10: 579156.3100000019
